16 // Number of waterlines
60 // Number of stations
1 // Read deckline
1 // Read contour
1 // Read aft contour
1 // Read forward contour
0 // Read flat of bottom
277.900 // Length
44.800 // Beam
16.600 // Draft
         0.000    2.000    4.000    6.000    8.000    10.000   12.000   14.000   16.000   18.000   20.000   22.000   24.000   26.000   28.000   30.000  
         72.985   6.800    6.800    6.800    6.349    4.880    3.048    -3.072   -9.193   -9.941   -10.620  -11.180  -11.670  -12.148  -12.627  -13.105 
-10.000 0.000    0.000    0.000    0.000    0.000    0.000    0.000    0.000    0.000    0.000    5.432    8.301    11.119   13.869   16.553   19.176   30.000   19.176   18.166  
-5.000  0.000    0.000    0.000    0.000    0.000    0.000    0.000    0.000    2.054    4.947    7.757    10.482   13.093   15.577   17.964   20.271   30.000   20.271   14.630  
0.000   0.000    0.000    0.000    0.000    0.000    0.000    0.000    1.569    4.483    7.215    9.845    12.366   14.743   16.956   19.047   21.039   30.000   21.039   12.996  
5.000   0.000    0.000    0.000    0.000    0.000    0.099    1.501    4.199    6.842    9.358    11.761   14.042   16.157   18.088   19.882   21.568   30.000   21.568   9.857   
10.000  0.284    1.270    1.533    1.700    2.121    3.132    4.664    6.791    9.125    11.394   13.550   15.570   17.412   19.057   20.560   21.954   30.000   21.954   0.000   
15.000  0.833    3.283    3.908    4.311    4.916    5.966    7.401    9.256    11.305   13.305   15.191   16.936   18.500   19.865   21.088   22.204   30.000   22.204   0.000   
20.000  1.630    5.373    6.293    6.893    7.588    8.608    9.924    11.565   13.350   15.072   16.675   18.136   19.422   20.518   21.478   22.335   30.000   22.335   0.000   
25.000  0.000    7.473    8.623    9.377    10.120   11.081   12.263   13.696   15.223   16.668   17.988   19.169   20.187   21.033   21.755   22.383   30.000   22.383   0.000   
30.000  0.000    9.547    10.841   11.692   12.458   13.347   14.392   15.616   16.890   18.069   19.122   20.040   20.812   21.436   21.955   22.395   30.000   22.395   0.000   
35.000  3.795    11.560   12.919   13.813   14.577   15.394   16.302   17.318   18.346   19.277   20.087   20.768   21.322   21.757   22.108   22.399   30.000   22.399   0.000   
40.000  4.764    13.445   14.808   15.697   16.433   17.167   17.935   18.749   19.546   20.254   20.851   21.333   21.708   21.993   22.219   22.400   30.000   22.400   0.000   
45.000  1.608    15.176   16.518   17.378   18.060   18.693   19.320   19.942   20.525   21.031   21.445   21.763   21.998   22.169   22.298   22.400   30.000   22.400   0.000   
50.000  0.000    16.695   17.989   18.794   19.393   19.912   20.394   20.845   21.246   21.583   21.850   22.048   22.187   22.282   22.349   22.400   30.000   22.400   0.000   
55.000  1.625    18.029   19.242   19.965   20.466   20.864   21.213   21.514   21.766   21.968   22.123   22.234   22.308   22.353   22.381   22.400   30.000   22.400   0.000   
60.000  0.000    19.154   20.239   20.847   21.241   21.526   21.760   21.946   22.090   22.200   22.281   22.337   22.372   22.390   22.396   22.400   30.000   22.400   0.000   
65.000  0.000    20.083   21.009   21.488   21.778   21.965   22.107   22.209   22.281   22.333   22.369   22.392   22.403   22.406   22.405   22.400   30.000   22.400   0.000   
70.000  0.000    20.823   21.583   21.942   22.145   22.257   22.331   22.378   22.405   22.422   22.429   22.431   22.428   22.421   22.411   22.400   30.000   22.400   0.000   
75.000  0.000    21.355   21.969   22.239   22.379   22.446   22.483   22.501   22.504   22.500   22.489   22.476   22.460   22.441   22.421   22.400   30.000   22.400   0.000   
80.000  0.000    21.706   22.209   22.418   22.519   22.563   22.584   22.587   22.578   22.563   22.542   22.517   22.490   22.461   22.431   22.400   30.000   22.400   0.000   
85.000  0.087    21.909   22.340   22.514   22.595   22.629   22.641   22.640   22.626   22.605   22.577   22.547   22.513   22.476   22.438   22.400   30.000   22.400   0.000   
90.000  0.088    22.017   22.410   22.565   22.635   22.662   22.673   22.669   22.652   22.628   22.597   22.563   22.525   22.485   22.443   22.400   30.000   22.400   0.000   
95.000  0.088    22.075   22.447   22.592   22.655   22.681   22.690   22.684   22.666   22.641   22.608   22.572   22.532   22.489   22.445   22.400   30.000   22.400   0.000   
100.000 0.088    22.105   22.466   22.606   22.666   22.690   22.698   22.692   22.674   22.647   22.614   22.577   22.536   22.492   22.446   22.400   30.000   22.400   0.000   
105.000 0.088    22.118   22.475   22.611   22.671   22.694   22.702   22.695   22.677   22.650   22.616   22.579   22.537   22.493   22.447   22.400   30.000   22.400   0.000   
110.000 0.088    22.120   22.476   22.612   22.672   22.695   22.703   22.696   22.678   22.651   22.617   22.579   22.537   22.493   22.447   22.400   30.000   22.400   0.000   
115.000 0.088    22.121   22.476   22.613   22.672   22.695   22.703   22.696   22.678   22.651   22.617   22.579   22.537   22.493   22.447   22.400   30.000   22.400   0.000   
120.000 0.088    22.121   22.476   22.613   22.672   22.695   22.703   22.696   22.678   22.651   22.617   22.579   22.537   22.493   22.447   22.400   30.000   22.400   0.000   
125.000 0.088    22.121   22.476   22.613   22.672   22.695   22.703   22.696   22.678   22.651   22.617   22.579   22.537   22.493   22.447   22.400   30.000   22.400   0.000   
130.000 0.088    22.121   22.476   22.613   22.672   22.695   22.703   22.696   22.678   22.651   22.617   22.579   22.537   22.493   22.447   22.400   30.000   22.400   0.000   
135.000 0.088    22.121   22.476   22.613   22.672   22.695   22.703   22.696   22.678   22.651   22.617   22.579   22.537   22.493   22.447   22.400   30.000   22.400   0.000   
140.000 0.088    22.121   22.476   22.613   22.672   22.695   22.703   22.696   22.678   22.651   22.617   22.579   22.537   22.493   22.447   22.400   30.000   22.400   0.000   
145.000 0.088    22.121   22.476   22.613   22.672   22.695   22.703   22.696   22.678   22.651   22.617   22.579   22.537   22.493   22.447   22.400   30.000   22.400   0.000   
150.000 0.088    22.121   22.476   22.613   22.672   22.695   22.703   22.696   22.678   22.651   22.617   22.579   22.537   22.493   22.447   22.400   30.000   22.400   0.000   
155.000 0.088    22.121   22.476   22.613   22.672   22.695   22.703   22.696   22.678   22.651   22.617   22.579   22.537   22.493   22.447   22.400   30.000   22.400   0.000   
160.000 0.088    22.121   22.476   22.613   22.672   22.695   22.703   22.696   22.678   22.651   22.617   22.579   22.537   22.493   22.447   22.400   30.000   22.400   0.000   
165.000 0.088    22.121   22.476   22.613   22.672   22.695   22.703   22.696   22.678   22.651   22.617   22.579   22.537   22.493   22.447   22.400   30.000   22.400   0.000   
170.000 0.088    22.120   22.476   22.612   22.672   22.695   22.702   22.696   22.677   22.650   22.616   22.579   22.537   22.493   22.447   22.400   30.000   22.400   0.000   
175.000 0.088    22.118   22.474   22.610   22.670   22.693   22.700   22.693   22.675   22.648   22.615   22.578   22.537   22.493   22.447   22.400   30.000   22.400   0.000   
180.000 0.000    22.112   22.469   22.605   22.664   22.687   22.694   22.686   22.670   22.643   22.611   22.576   22.536   22.492   22.446   22.400   30.000   22.400   0.000   
185.000 0.000    22.095   22.458   22.593   22.651   22.672   22.679   22.671   22.655   22.630   22.602   22.571   22.533   22.491   22.446   22.400   30.000   22.400   0.000   
190.000 0.000    22.070   22.439   22.574   22.629   22.649   22.655   22.647   22.630   22.611   22.588   22.561   22.530   22.489   22.445   22.400   30.000   22.400   0.000   
195.000 0.000    22.034   22.413   22.546   22.599   22.617   22.621   22.612   22.597   22.582   22.568   22.550   22.525   22.487   22.443   22.400   30.000   22.400   0.000   
200.000 0.000    21.977   22.373   22.504   22.552   22.567   22.568   22.558   22.546   22.538   22.536   22.532   22.518   22.483   22.442   22.400   30.000   22.400   0.000   
205.000 0.000    21.900   22.319   22.448   22.491   22.502   22.501   22.489   22.480   22.481   22.495   22.509   22.509   22.477   22.435   22.400   30.000   22.400   0.000   
210.000 0.000    21.800   22.247   22.376   22.414   22.422   22.417   22.405   22.399   22.412   22.444   22.481   22.498   22.471   22.431   22.400   30.000   22.400   0.000   
215.000 0.000    21.668   22.151   22.284   22.316   22.322   22.312   22.300   22.298   22.326   22.381   22.446   22.485   22.469   22.427   22.400   30.000   22.400   0.000   
220.000 0.000    21.486   22.019   22.159   22.189   22.193   22.181   22.167   22.172   22.217   22.301   22.402   22.471   22.464   22.421   22.400   30.000   22.400   0.000   
225.000 0.000    21.212   21.817   21.976   22.008   22.011   21.999   21.984   21.997   22.067   22.189   22.341   22.450   22.460   22.418   22.400   30.000   22.400   0.000   
230.000 0.000    20.785   21.490   21.681   21.721   21.727   21.714   21.701   21.726   21.829   22.007   22.229   22.400   22.443   22.413   22.400   30.000   22.400   0.000   
235.000 0.000    20.151   20.976   21.213   21.269   21.279   21.269   21.258   21.300   21.450   21.702   22.020   22.283   22.391   22.403   22.400   30.000   22.400   0.000   
240.000 1.633    19.286   20.240   20.534   20.609   20.625   20.619   20.612   20.677   20.886   21.234   21.672   22.062   22.283   22.377   22.400   30.000   22.400   0.000   
245.000 0.000    18.192   19.282   19.641   19.738   19.760   19.757   19.754   19.847   20.127   20.585   21.164   21.717   22.106   22.339   22.400   30.000   22.400   0.000   
250.000 0.000    16.871   18.119   18.553   18.672   18.701   18.697   18.697   18.818   19.173   19.751   20.490   21.237   21.854   22.287   22.400   30.000   22.400   0.000   
255.000 0.000    15.185   16.625   17.155   17.296   17.327   17.320   17.320   17.467   17.901   18.606   19.516   20.500   21.425   22.154   22.400   30.000   22.400   0.000   
260.000 0.000    13.044   14.635   15.299   15.464   15.494   15.490   15.501   15.689   16.210   17.046   18.123   19.323   20.524   21.599   22.309   30.000   22.309   0.000   
265.000 1.627    10.592   12.274   13.043   13.247   13.286   13.294   13.323   13.552   14.146   15.080   16.273   17.596   18.936   20.229   21.375   30.000   21.375   0.000   
270.000 0.000    6.903    9.337    10.263   10.618   10.707   10.729   10.776   11.042   11.701   12.704   13.976   15.383   16.806   18.184   19.495   30.000   19.495   0.778   
275.000 0.000    0.000    2.899    5.484    6.616    6.916    6.988    7.094    7.504    8.380    9.640    11.114   12.675   14.233   15.707   17.132   30.000   17.132   3.411   
280.000 0.000    0.000    0.000    0.000    0.000    0.000    0.000    0.000    0.000    0.000    0.000    5.038    8.046    10.388   12.383   14.180   30.000   14.181   20.192  
285.000 0.000    0.000    0.000    0.000    0.000    0.000    0.000    0.000    0.000    0.000    0.000    0.000    0.000    0.000    4.046    8.520    30.000   8.520    27.169  
         187.582  273.176  275.589  276.949  277.569  277.784  277.868  277.934  278.198  278.853  279.879  281.190  282.649  284.133  285.616  287.100 
